1   2   3   4   5   6   7   8 
16  15  14  13  12  11  10  9
1   8   6   4   3   5   7   2

pop() = 1v16
pop(size) = 8v9

2   3   4   5   6   7
15  14  13  12  11  10
8   6   4   3   5   7

pop(n/2) = 5v12

2   3   4     6   7
15  14  13    11  10
8   6   4     5   7
pop(n/2) = 4v13

2   3   6   7
15  14  11  10
8   6   5   7

pop(n/2) = 6v11
pop(n/2) = 3v14
...


1   2   3   4   5   6   7   8 
        14  13  12  11  10  9
-----------------------------
1   8   6   4   3   5   7   2       

2   3   4   5   6   7 
    14  13  12  11  10
-----------------------------
8   6   4   3   5   7         

2   3   4   6   7 
    14  13  11  10
-----------------------------
8   6   4   5   7             
...

1 2 3 4
  7 6 5
-------
1 4 3 2